363811679
19091173
48289342
485377857
19346439
2568108282
41160276
850036892
21363569
240454812
4639413136
832734967
19985444
26520948
131868148
14828860
21579466
247981000
980516212059856901
305189255
771529979846766592
5820642
110835004
35304791
25073877
23658557
13081242
57552280
274316654
384625890
39205833
623230663
172893705
464078954
468825226
3290046383
611350965
447405891
808909197312196609
15362651
94139317
541142832
1119394370
2911828067
259970084
176830279
162014851
3329053900
365073587
4122226696
155670420
1209148250
378076048
1965207578
1629339452
37819699
1062007453
4233671
4829660601
81914168
1096485719772663809
2465207048
2541357239
1335397489
387277021
807095
2984243591
16943743
251294931
1554838501
64643056
2330437794
224090784
763771646549356544
2099771
237403203
60875744
854982762
5745392
237889819
23145486
3073308620
158769098
2888660047
29216764
3057805089
74244533
72998182
43640852
1341938869
1036756046
982528694504665088
872547520882372612
439851099
1032776909166338048
64209749
69132005
194351690
880602945632575488
1021625687885656065
45267976
3898598357
178032984
1034816290765066240
59502860
2289846481
29916866
747594543021719552
3540967221
200967823
4052987112
833398209053605888
259291600
555291021
3710675052
49736166
14144856
814365134403633152
962714807983071232
4107849270
468756028
43153535
43139414
33937044
2892224914
505668349
22642788
1728108289
1059873484795506688
891098592869404673
16581604
801605039366213632
907093973558329346
2427581443
1401048752
926764659184615425
186106150
1296844080
852611876416606208
1613015034
1029546572403494914
35511525
255471924
30864583
596785975
111968200
1083586251293245441
847914907
29465136
24700876
885372505
3345971452
22791860
73690849
926878041036517376
986082598484049921
725856175040942080
14379660
259808059
830907126306463746
1085572304241913859
621017055
824834350868934657
16068266
2270477323
708832290714025984
143666186
722127759699505153
121374117
922946072669954048
870769948897021956
1316390684
3063239741
269118921
1034975469446352898
952695919014830080
846007855622901760
79848384
28021635
47436923
116745546
14096763
898571597631692804
948015937
1546467223
952551889471787008
817595575562432513
10078
897276257234165764
882531736613158912
1050486999759683585
498941734
899323715225178112
767388219054755840
18047695
752317460569681920
162023981
22552133
872989966376239104
708437064392577025
1013958950465744897
107917068
21846652
1000039196982218752
999166472436891648
14085070
2312144515
3234613430
883925691955200000
554775299
18144089
726521718903324672
127080300
989995243780104192
837476684454629376
260053908
279872903
390682767
22760252
156016878
1458408217
1192890402023575552
3908050333
2508964374
939678497269628928
16833653
802985256601186304
162257659
1203736091800559616
1143583840767795202
1103703200
1172559602354925568
478135951
1006993479724097536
866805919681839104
1099435635096674307
387088436
1070042926506500099
879903240363663363
871017542353027074
67424923
2565668196
1013429684300865537
922165520845234176
3180522948
856471832
64481969
1165278869835911168
824257761852747776
855016192179752960
239576480
982341
262429512
21827211
1142670086068527104
566718769
1196260852367872000
259787211
1160240330907815936
1160946919423823872
20542269
1271556228
138691967
1209863006869475329
1073100130969182208
128289935
2842260549
1216565251153461255
2777505938
810607830030020608
292125295
849796826
21360280
2456142770
15081340
13524182
4081106480
23416365
14326840
244452760
83932539
14844867
2911039074
33908800
119466953
1392956425
28265608
134360868
16106584
594886554
72931184
4502064200
804449376
1649253439
15650882
717381804236386305
23485648
23528444
126441379
2370654211
1357963177
1242788624
258408688
896258742
940505623652851712
369848802
29155260
42825230
108155579
183739654
1084962212
475957325
721096238020628481
19015287
5633152
480575795
17189922
518873688
278902784
5403442
767522616
74682488
15204212
3095130883
721262035368087553
39295587
216881337
2824710679
19202990
388983706
1379045737
87133189
2347411454
21700719
839962660603060226
195271137
16230742
12863902
49915511
824524105831612416
415138288
2240466703
241685780
369583954
944022723776471040
773655762715508737
108471631
27121313
2662976017
836656141
2586821739
2365077793
961445378
68528812
721502167811489792
3671386212
128069969
18005085
44114927
207205931
881657154
12950202
770712086
765909323545513984
2716396488
333668089
1083796542
84129927
1329817428
3125154047
358331931
4086935715
48117116
3219461544
598601483
27175276
3855272473
78435629
971498870772584448
1388516581
74483489
433806457
966016187674058757
33574885
137472360
861389753563959296
574867398
2301905315
4846653052
1028769380186902528
29036378
18964256
819303751873863681
752314280758931456
2916021247
4724107229
500219363
892713367575678979
1612117032
865449400419536896
147857744
289374335
1894989822
2875479268
919712173089271808
23839835
995431365888929792
817058358020702209
821348621450903552
2905554237
2453627084
892892426108628993
1853243076
17390782
3141823786
980490040001335296
820510673516032001
795867123545440256
293047911
786795295770157057
155296350
17889970
13493302
3435639095
33600767
27696764
735308363781799936
15220768
1931893196
706153838969880577
811468059827269632
81852379
2168348689
485221115
808083441350643712
28178127
18390871
1048992775188959232
55962977
1657026456
37344334
1578146425
1092086671989002241
874310395875295232
71643224
851317366151577600
1034950794288787457
1183740731728506880
5880462
1192462186888802315
3403321967
990312151955968001
717044220444278784
728910019450839040
4017904349
934046137262198784
1133339161463730178
4445495963
1120335547522781185
4127356047
451420825
2593152026
258283931
854840560749826049
736314798485295104
961601681283674112
569579119
710996736953729024
337270170
798669619246534657
955753302557302785
257886199
3396249573
1037425031062511616
837979225344835585
3184010657
387920585
3300843972
1164351828567326720
42979979
1530798872
2222280771
195188586
897923393500188672
325719227
811133420
1050660204788862977
1081745422585155584
612710916
1204822874848186369
4463144714
2581230306
1047405141253603328
164304654
17136814
701192323837857796
1000104976947986432
828987460654882816
916746622926835714
64534908
4419982943
1078292904878190593
65551087
147757088
2797634936
268476335
1202756880004780033
999401805409935361
16496577
226409888
836548849
1153355426324500481
704641191594369024
1150702537655365633
731901356890423296
575655913
834190105313153025
26386045
1086178928874655744
3380606008
1215513733822369792
2973983375
599454226
542028613
2834795179
928660439986294784
1074355151014645760
82746129
808794435567976450
1057187257558413312
322168064
98022903
66796893
33429021
1095000154049007617
143908622
1140905489401667584
320380267
24044041
2735669277
706045620
92087571
17682373
15614659
314828504
545314398
270839361
273542042
45979528
19834221
2853461537
156005263
358545917
32626129
114684274
22146210
2648449219
1797991
22677397
97054224
27404671
94336415
2795404498
848784339483721728
4686170306
568143078
1955038620
168470806
2231972780
29658469
379767285
34916539
241695879
3295347892
883700734474190850
22724717
744070482832596992
97178753
3292463759
2290728422
191802041
865516973567778819
3855703876
582135529
14427663
14873837
2492095741
1714793274
23549130
15751437
2373401372
2231109295
777949367328210944
467620549
35199446
1025996821129117696
4862238712
271851676
169686021
1019625316187295746
817354313399943168
735024071843426304
19725105
31374301
36549643
3815616209
207784631
895331651881926656
931324288757575682
563061700
843841641693745153
14075928
10375852
2353758943
2306160673
2796679392
2997789394
493206826
467290036
138203134
3748315461
1347365114
2826435781
2339238427
2439136098
1040645725506265088
898744501837090816
970207298
47611401
3418210767
2387519028
701322706495602688
289831271
775638653762764800
15223409
3975273381
240426992
12731222
24627307
291511216
81371986
714517290155253760
2837876374
143104075
572867000
41605015
2543869284
2782186519
424806929
20685005
726352585318371328
713377898
101271850
73402979
837120630
37486536
2904195838
14845559
508067360
948303184019193863
27457788
111349900
802940428764913664
1055877718401794049
2312501143
386111879
1004070871097593861
250493477
810901590311915520
42158221
1048723640202801152
15872357
2395163738
1081230450998288385
469910041
620339539
902774309948706817
525732418
260612185
518074227
4163022496
143982506
1076101389330366464
1225160978737831938
827797813144739842
933326388
2413817191
3050092602
224221596
2260491445
2683391701
2546368561
1972416156
3398446398
4810993838
23222257
3189320886
1070006691113172992
2478439963
16353245
1586532752
880812021440229376
356408677
15199658
184961944
858055130649952256
36667104
751878177371414529
218752033
831847934534746114
888833736984416256
459483899
795885295
14855994
9533042
968641909685186565
701931160297938944
833510865949200384
1060297512446246915
469593930
1129720458
293881228
1115369867140567040
286311652
819242013539368960
3187410527
4119741
726485596487577600
780565252098228226
234540332
1120862831098855424
897875787126329353
4399065743
973358560288624641
532784241
1595171401
9487272
867391303423852544
330561489
768451422497234945
882716722024808448
951033754830680064
4867257995
711340571814707202
965946209725796354
1004941619655737348
1142064494157451267
741068891913261056
1031953578192191488
33423
2789890544
862007728956485632
860602708239294464
745764831345643520
325343412
844232009950093314
916659483740340225
301867130
211620426
25057522
753934193294446592
1203359269002891269
15865405
1003156630001811457
374160495
2150722754
987533943791595520
3789633495
917683048782503937
2907937270
923265697861349376
829869028588011524
951644393525694465
742677101124460544
1920515281
874334471427960833
517727444
863614098260578304
2396596650
20638910
1169611681174978560
1019249891703492609
215971578
1159960047918538752
2725347015
1129447129917923328
2894133963
19606850
825399407315017728
19158135
1151365625698119680
37727098
1203510247484035073
2377275998
3521630358
987385404516192257
110631215
3333298204
3987507159
4287223145
1188971405511200768
1162449242067259393
60785208
1034645744907677696
16193366
9971872
991328103401213952
53131125
1133479252043550720
1170920821721903104
869450786
1222277571108397056
416788705
137756718
1050238963904999424
977163201807872000
138470436
801736963
183638676
39344374
281890963
2886226879
194272236
3042982083
347640382
25213378
56562803
19064312
43996908
902200087
146095589
170699708
813554157097459714
432280376
154006208
52920970
3390665254
43969372
18087749
2438590990
2450611616
2865078826
267719395
3267456386
326094758
2969851065
1370971824
123961043
65146567
15070269
711535251835629568
5658202
76254003
90627994
2347674872
19602678
163270196
107231140
1450226809
4105765714
408055724
2167525794
751226684540592128
1862831041
328396692
65929480
192750449
306610942
3895883337
48918992
165634208
2322866275
42786325
1602067826
295298172
980833886430285824
112253363
62847380
1305324672
1347497550
284628632
59942751
2294983794
900429062
30494556
885208683352817664
736095664501719042
1109685884
1863587016
71255919
610065715
280339608
110445334
1105663715947339776
827788813
30974710
64766298
2962999203
2292265066
47786101
217749896
292779292
2906004856
2312683302
1110549860992929794
281207445
901451257
247652635
2936861812
2325872058
2382437845
114340907
905828472777572353
868080253
3271288038
22637974
15795607
4253240716
1183010947
1030725698460246018
1610547307
864354979724709893
15829593
3256699331
724530936310837249
854993716624449536
3191320373
784665469403877376
221059241
4259334800
100561492
56432677
819572185
834022592784760832
197496309
3121242095
4207961
40116885
2964655546
968650362
49065637
999470034
124814234
3387644315
3031038823
300878435
924031922971521024
582012402
742529790700191744
42737663
4455054612
485233908
823688055106260992
931185181838446593
937023856111386625
302442439
916031611
1115434558990639104
1118258090082619392
273469546
18000185
1921142294
2516107134
2415484171
17895820
890102168228909056
986288127512690691
214337395
4030541415
580054149
704836542250942464
90169053
875773396029644801
188974544
4893717520
242423151
2256058692
2338506822
818488898418601984
610524976
2400959509
319490086
955952658870874112
1443943477
1006016181721919488
26347170
957701378314526721
1068265250271588358
861840789416095744
866020869436567552
162149988
2833739297
3317978241
860222796
778366444002119680
4507567674
13966562
26356989
87830601
2982777589
2863324024
737261036114448384
1106039036194492421
165538432
876921141847355394
1020977510367064064
792065316146774020
2895317462
4894231615
815349371629957121
1147039789
750477751723909120
4833376576
2395821553
1657224660
734688391942524928
34002725
3364566633
2529105488
3016931142
36152240
274403383
1073023946738536448
17654317
758801925571645441
370879693
129067238
47264317
11695472
1091718864952541186
87271106
621816317
740353727417180160
2988919018
103828309
1072704157793038337
18805188
778953916604121088
35528198
2856447842
90219306
148055299
1211406086005067776
268297835
794750862279069696
2188523324
824024874771501056
2482645200
821867831591571456
1100815082475474946
925138363425763328
1121125063036669954
69176555
764187379
707726839742124032
1167120863512158209
92103672
145344704
3536809696
1400129640
1156063400159522816
777483478891802624
302730365
4846335261
467220783
204196157
589144028
18481646
4108254429
2496002186
1076128960210259970
1184430408047513600
18197316
990229240099590144
1192377467933204480
1032469578151088128
1175782142011305984
2575044338
19941396
205327186
174364953
1191546884222902272
1033209549384237056
1165063874774781952
1164398172950749184
390407997
1086401456603840512
917926770
48065401
1182678035566419968
611941828
18686907
30699754
166751745
592730371
397756361
14538949
21514744
317385247
18809812
41267896
134976379
337484648
95994080
92415200
1648549070
115681686
2971149125
418991627
600966256
274567177
287309941
478679663
16249596
3229908828
113137765
133012175
248469208
21722318
53979469
3192441942
314548237
2327592480
835767838212255745
26521816
75875590
1105029164
351009963
31343866
393382160
163505280
330317386
2864960801
18227578
959552100979150848
1540486075
3158234814
24206059
95072551
325594003
347279137
1246640292
370468960
50769180
226742942
424516390
20253396
246993037
3870043216
2723265539
46165288
204408211
179129706
1492609771
92465780
451579772
34743251
16036256
3001519506
324236072
3423649865
719972388859842560
1074480192
17558182
1035266258160246786
243561193
20844598
41778159
4766008341
351579829
17091571
49454356
313307103
14504859
550186490
2707645759
1005007371159068673
74760182
3412642223
2340774583
66933353
2900583291
34919618
3328676455
4196983835
974206531
31886024
180649341
58579942
976796785422290944
4755917412
7157252
1139574829802090496
1517964894
710990834972233728
4778739981
264501955
370254529
4109137092
2674638409
17932678
783792992
478198075
413650758
2163783363
60784269
4765953461
83837467
890584546164576256
750304430747164672
2167650744
28614262
14505156
826261914
40410822
17924701
794636100807622660
832319306541178881
37596647
2782991882
786599389326344192
596914198
2901810468
785500990577315840
133638956
537824302
2298323274
733208101
2730622453
969978259885740035
719236095377063936
3657439581
2312333412
65974890
91498780
2944221547
362154873
23932702
161149255
3052144801
972654691434692609
847481565722497024
976241173164683264
380285402
18299573
978352269971337216
187646423
873585463
1435461
4001866818
905226347953491969
25314580
737034937560354817
795832924537032704
796505971824689152
881247320792330241
4494351132
2030711
1057733309999054851
881276118854193155
570189546
292237349
46760864
879341031749296128
948292935778557953
1150821796112764928
1078366339507531776
17997789
850351441076244481
482005488
1015991780775522305
775384827830730752
3120378598
4283132548
712191633773740032
295905714
943249213286240256
1046970457117868032
4053977488
952262175128805377
151936663
776821349499146240
800830050853650432
1111063441
4860490819
888766088028213248
3639301
2878181861
444223133
1560484214
964338850993598464
3949702698
3512071824
245192585
889301844127821824
4901201645
1562177648
4902931
426123063
2852789071
800539651287060480
168295477
58766484
1132210453319430145
1034954029896355840
1145232808811618306
735750140
1128740613518692352
36208197
1058448050207813634
4703832967
1109003965
35974861
1968962180
4779444082
2305428572
25166438
920295804501446657
942358136
814824506
300400790
711310165266419712
19042105
60313540
3306433080
146666161
940821020314828801
749503313205485568
1221588692973826051
1033514776352178176
1095510059465859072
788898706586275840
177201478
1123926577211899905
468655982
277179712
1528799186
19218763
1111093447979470848
140486684
280558849
1166532699093229568
745690112005046272
1157134228208799751
16184127
1207500322643566592
1033176694050279424
25605561
1150386727837679616
1127984841503330305
1184481732860547077
892440728835694594
286958212
48837001
1175044966315249664
1135580385776230400
19797994
519020592
2237908050
1153890398307266561
1214466915634237441
2886245900
104335179
30660846
1127676047951060994
42345999
16464746
464245847
1500129642
135529058
45516657
334715818
190406668
37545039
19393349
3177515983
23719684
178999981
257145200
14884472
1096324563305201665
16227629
83374478
30049364
287843201
187578616
74014041
826419253347745792
217171485
28872567
742749379623165955
16077204
56561950
227423066
746199836953706497
65949052
754393810701082624
15257975
2276337589
33440039
1116345515761909760
23260256
167622426
605974171
871650706381561856
495909939
908856245414531072
41634520
832057452644409345
953260801904840705
3235222537
41059238
1699016910
3837638457
735609553
154891961
15246549
831984906896961536
816609107943845888
69233373
3389342548
2292702092
2658362055
4472647047
2260805706
247723476
57338175
900285272298053632
1134681
167908033
30736021
2861309113
2400780715
57937608
1591442466
755266896
3248363173
90773725
1040624496426852353
63183956
952289635
570226745
1662709308
718600146619990017
904525544892514304
587190701
17685258
900807865149075458
66019768
91478624
2926732331
356249623
142018510
2530713918
2654555875
702713126483984385
899401541177622528
2724700782
366170680
2236214974
255868298
749878942358573056
44914646
2378679877
193346041
15450996
134157656
45951402
238003047
761760456
751091958345560064
908324706046042114
885499148174315520
759174858731319297
817394685400510466
577172009
893820842202812416
1010161668742098945
941109866202091521
19412925
115614593
16182211
221225675
906084475385376768
28422142
14216661
835860570561777665
250818780
4855272767
2260849986
2889609851
711188856943411200
1062133595039395845
823938620
300669903
2947307224
4816
410598599
997530067998830594
3054509254
907288402868895745
408806531
1579822993
797176416
3093242123
19899980
3248906389
299689002
815328300600033281
18551828
12524522
2792156701
962086897462820864
3436289099
713070044272414720
2661970262
1510815488
3214303941
57047586
2268307790
1123228047275171845
610161011
6108862
1157694950655561728
31762001
1109152011348557824
52242278
1034852048800571393
1119383253343985665
151106990
3122221778
18028431
2807060009
156468452
1048012125141196806
918002494852161536
844169711072002048
1353802260
1053236226
200514238
59591873
973389969963315200
994634158763855875
301993050
1178816168792076289
1417793336
952364011
14835756
1065775800719474694
966902626624323588
937370671100956678
937824984436637696
896840775182548993
1079515110383616001
27722647
3883766200
773009781644677120
321589427
1124077797138403330
4893599590
16399949
1111459786120417281
815956412681555969
935654063076757504
16247269
3735964516
104299137
361628602
458077039
314935651
1162899685670965248
1229140848933134336
533893144
711781886939385856
726440989989199873
332348390
19608273
792225664325812224
849574278
80728561
124209201
52796949
71259130
819151402387861504
57029492
851730303253172225
98328230
860227323412402177
632058375
902903277263749123
17563445
3044272683
1079155044182716416
1161058783486992384
963650211494203393
1155145758674509824
420237469
176210560
552068404
942591372829143040
131521636
57774560
710071621118087170
758071076232503296
4464581428
837826800248061954
967515905298112512
1160934360901738498
2408640540
1189503497231880192
201949807
754781047456468992
1193727633042874368
34783915
4255970003
714461028642267136
430242088
1173029144206237697
730329614443270144
1198552538762661888
532557061
810358084778524672
38663365
81082188
1162069360560738304
907401081344344064
1007324837445021697
18860145
3301676095
1102402381805830144
695703636379353088
183438903
1131400854811095040
402508263
2358947075
21879024
25101996
1583865109
18584875
27000730
21170497
19078387
20878297
2312494016
282695161
4717892303
116579971
261749735
262810360
27995424
77853610
870324519788879872
753974664041533440
126364026
2819841203
7748752
807812802761158656
14848157
30694631
3310061541
41687358
2291888768
285752286
191213034
469708044
2947861414
1398381
14351178
480786211
487942988
4509306615
17007782
1356030014
67800957
338275624
85508831
855318254
3296797169
107237287
2649599131
1564967204
856162158845059073
164114128
1063373396610871296
1717467607
26156246
614517275
385354639
116994659
20015311
42082673
274025057
258324826
780053848677310464
2570000082
876998334
827689891790278657
4650452175
973494767081459714
216776631
78683448
4510849520
473704565
2363203740
822299610018365440
885838630928994304
772478217361817600
4288994138
579019262
1013539088518049792
112047805
732429326285705216
1032224757154951168
28785486
354044968
270412323
17666104
3108666882
745307089489190912
24126371
90552683
635054793
552877920
3107985194
33834818
913706406
927620619084189698
17964843
3216862919
254078352
6017542
357817948
2739057218
902506945
2845021300
833950137281966080
960659677574057984
366399776
20972371
224659331
736743954582900736
17469289
1382998002
147445786
715603871951753216
20837035
190817371
716181475
704513628414676992
220478007
1720757281
309970677
2843713972
80082384
2180934732
18828063
118799440
2352629311
367703310
865305601
16463375
7841652
3161760900
2343856357
52475609
2347049341
1226297179
735485993931837440
713392368607567873
28690484
2153928775
4123868176
343041182
514731939
1536600704
1560875191
95480831
808425327466807305
360597767
4850191845
331816614
305392012
816021710692564992
902476398576721924
45725103
1083749575536594945
2933914001
145668063
908364949361217536
1089568487335292930
73572581
3446309415
19670226
832259012422987776
865318066640478208
4261656022
263292498
1033012755324968962
957024008091955202
382842895
371043934
4769799714
974330799943135233
941595254892974080
21687766
18086993
846843300988538880
1045648111916535808
906496428234682368
1066187390178525185
700518750567604224
364296908
2729894064
940342931650695169
69441586
935282672976453632
61122731
746772566
155568211
15126599
34357408
16491569
966821224595804160
568541165
4911324614
3222676980
3131468032
4068063254
711362638018535424
59031230
952124060946829312
1013810977698209792
59159771
2958725392
1022187136416538625
1158963374136483840
485296454
825219715186331648
62737122
24789175
16559570
4670707572
43317911
503238457
2339577870
783863357279526912
2401314288
712689117658787840
4715688041
453319164
199348665
443563637
352441761
85469815
3528715695
979822743968509953
585248957
47387039
2346805082
810363643724439553
295431169
23635356
2964539431
1277895559
817901064045334528
1209362046
42463851
634496564
1968716312
1123337571872980996
25739551
487735029
102417054
697177436384075776
1153686358562607113
251145362
2673798823
1635595351
1158203371485986816
3307386979
4882086747
32128592
1176824603894849542
753282262897000448
1205594281995653120
1136532903972823041
393733813
1141368988271874049
1186020167047897090
711526490
3066052457
925533202327965696
4266340036
2533537206
854151277
237568617
740602594280673280
2805634224
62926805
1145504810529153024
1039330378174087168
1169784912850948098
87338170
1025952521234264064
451719245
2847877531
347009187
891725999594930177
824453184
410409666
26153445
256542586
15040988
175161093
19213516
15243853
862493306382626818
19899606
1471232930
1861842217
126491326
19346335
563539450
24787367
2714901547
21368060
145611608
116319448
210424042
43906698
528890147
297765074
267885642
22689128
16380690
16164636
161417439
22891214
14130792
2369949012
611816381
14109795
259638703
775696688489099264
14243432
742823052354945024
468640410
1638671258
808355323643731968
210041914
376626032
266048357
83992997
612544899
117655609
873947548901355524
52544275
480851095
1347652536
69277202
998528950992359424
105822985
370475144
796103341
1081938981074264064
1641934584
5797952
41204730
86766927
2800256348
93081569
1033288304387674112
19164958
797715026165559297
1969683889
247903672
624308178
156411211
26487169
841569150
4914384040
302801020
1276652162
9287122
2670596544
2279824927
869941130
15781456
1070370082759589890
548924762
3105864599
484378704
957114354
2688750895
2791121294
2874102076
27744185
3192991961
431128034
739664390417317892
783041834599780352
18588279
7401202
18390743
302212804
97180475
441330704
4879970063
240090554
30588543
922257912197730305
15307455
886941570288799744
29097819
738347870600998912
3413276129
1854925736
223625637
1009747580719419392
24309304
2909903733
879791328468631553
788132915590762496
15148288
984431192488529920
462934944
2550587869
498459134
590977382
49404406
854040421638557696
29497573
764319199
224779462
59181390
2405216660
904980381493067776
19726613
1066756171627982849
1075239383769509890
480649662
3127162511
353422065
892285468481658881
3116214838
1387683026
4429336513
250027109
539566673
2259809232
896731633704947712
1398582667
16139649
968192955256311808
361376240
18927538
21779975
3008561324
1087827227444740096
58826159
33665720
3367334171
364916961
1038967644374949889
810692738387562496
2265238254
357480513
326388942
130922325
16044997
3195774341
2248147020
1327769568
970716252179136514
1226931579353731072
21865846
833395723718840320
59157393
949797285034110976
291923759
793270672344559616
1966197492
632518686
4097630421
14563516
261377936
494027712
95290490
719293082877825024
55677432
28395645
1136900031011835905
254036748
1889198071
704510287886438400
1177882400908546048
961231092
3078446271
4539679819
1060196405027889152
3038368451
752749220952625157
131387085
18149463
55678024
968855764281561089
1018897017500852225
16955870
1040666772901425153
809551181961826304
804788113402974208
1726076226
626660983
4053330519
2504621990
1028004568318332938
567151585
1026369144248254465
974093683938258946
543281810
1230320012365324291
632091340
294866839
943575786962989057
4550647832
1060578475
1177583064811069440
22384173
4046626725
582091792
116630713
984030617506582529
4040347175
3298145299
46966900
13270702
3424559566
585034736
529848513
363892437
88042869
798678444997414912
229596604
437019753
822470964416020480
459618267
69342015
833745288
1710874087
901310951185555456
1001790464205373440
1396624674
1601471616
102257360
831210798173286400
442331062
899982899654479872
790516485533949952
16729803
1190977838377254912
106930216
2589087043
797566514782236672
1136795347366371328
759744626
1178031456267972614
1202673783342940160
633581213
21917181
68861252
255773505
1171552018747592704
3538631
253336998
48411281
380735092
990675374311989250
3590025852
1184624660765429761
391312114
596850459
597643891
292929271
34900333
334410765
18379614
3293406121
358204197
312696314
313038011
63335631
31047836
550250082
2062801
19003754
177584156
163951423
835627637049450497
13029
44067298
40946843
129571843
3232881455
166838487
49457533
70424767
2148731538
3022045469
9840002
1271025590
548078410
2163908557
233667091
901948632
31136822
24870433
70664947
2726311681
17795686
1930551558
16157702
27522964
2383015286
354226224
22211830
921035226469535745
262583744
258809020
850109849148964864
844670225870192641
61668330
714575249128423424
1097592080682139648
31414224
1367531
2264446495
2525149488
1086621983289294849
75561107
582967754
3330431235
1123847711835471875
34384708
1591038127
1069720356552916996
233338979
482212576
2290011311
4052598077
1067156941
849750920200159234
1244645004
382820810
790341604535967744
767960339547774976
87250503
2694282644
1116766980596543488
378453996
950138424
872683897
228590938
72392748
6026352
113758100
22413992
3775360879
14260960
547083976
3264454478
871017006
274341323
14293310
342887079
16298441
942760098233044992
1092606785108803584
603139934
223782598
906344600012328961
1061723551613546497
405605548
796194279731253249
1855131553
2828238915
501454405
40392655
956304828845690880
12
2824244902
2462326794
2371418706
3400737969
118211985
727701926544969728
36968863
26853182
317521541
712049001445650432
290654084
14434227
15962096
266894776
126755086
2329219443
1047287336768339968
1052855652320710656
53606937
14989516
193917732
4210963228
316091496
897616707040288768
3304835283
352892772
4418414504
2309637680
3639048135
770318880678043648
887666970707079168
296947398
1206108030
4691622619
3495960975
800707492346925056
209691585
1109238721642156032
715331576633032704
4094970558
127538853
188650808
326124414
3944021114
110396781
441389311
943273399513575424
958873724647890945
1102818617698250752
880105309448130561
15828408
9162412
16477634
19139963
57245024
3162459853
388619564
2326240123
18469669
868069088106598401
287871693
22307765
852609539245584384
67303679
255645592
3050175748
2799289367
1075125161043652609
297688038
2670461822
301863076
252672612
2801098073
32004130
24889586
937847876100722688
4871152575
4736263474
956167365330272257
31700619
283149384
16326882
1015123727967752192
4183328833
991745802
331264106
891763988203278339
812837015490203649
1048867605212286977
2407191589
757376063764729856
1161011794204168192
941585384
52584039
1646308484
999769848719822855
111769068
3707915355
4291788023
3435022037
2587488139
852483272
1021104570154528768
1551815628
715374924588834816
791082100980002816
1123609824745357312
3031074472
1087797379900817408
838903112794529793
704973348560900096
15335709
214653213
3164587328
1060452602633183232
4496418861
77130240
1037002429076832256
1004300900351991809
3238448948
1100551153635405824
2940732694
1105895486635028480
205813693
109460443
952626408496488450
3688088723
7380362
3265675134
1019033290009907201
1065593316320964608
769944240
30757519
514063512
932446546947223552
970740731102027776
16923320
1028532780
1463525274
3063447633
1219228426525118464
180772280
109380627
853545438825385984
1281162938
911632352698421248
1188786602698362881
18245751
2457199196
1013044516612395015
82381515
1152735100003594240
1097377256828256256
1355840730
1053535902348206081
1150625255968268288
1147973475358744576
1198791250499055616
936699831363473409
352114179
513802806
564008025
349134539
137116485
30345764
127958577
878087280321335298
17980523
33772666
1955132936
2393323908
25235151
16906660
16366471
41516710
3932768472
392741148
3656836876
34371118
24822993
2181493660
1044928850
27442822
800086706678419456
21413921
2381246233
827200291
21207445
451746511
2288820930
2571872893
18559803
15485844
30773573
1879577221
524435492
2742941960
2428614463
3165867999
850763376263299078
16912983
391534562
453216841
3246042158
1668992125
213513491
15336055
2897257769
339182018
269375709
868545674660372480
1267817348
818876014390603776
86240146
29874079
2824310046
866069141576441857
814040122278563842
2968824825
2916604288
174186133
1010415253497114624
319139933
2725381381
797225257060929536
19085683
919270593412980737
20722476
2835451658
2979361895
17115455
894748894789115907
2737390334
506257229
2397479856
241382835
966681366
241072354
1367267953
1116236881409089536
2812908133
870149492603006976
763938568502775808
23537344
12685932
24127811
896163070141227008
80816944
1409220930
3076161901
247115085
912729106344579074
143176309
2407544636
774005585801048065
1447743788
1089347696903639041
304679484
876570335537233922
237090871
2641336376
34868965
17739395
2875166787
520449734
3312766812
2991660165
856872559
817832498973540355
38883118
941729680381550592
3245620412
35666914
23818581
320370596
119837703
739804789651963904
83382182
4907026480
3312292812
829341764603482112
4651631055
889927042485170179
114547606
2377815434
1042535311492898816
3139458601
701725963
35773039
1141731032267460608
3186299889
47687609
1088177185
990873980310622211
814623984155295744
720007230012174336
110643259
3295694106
17839988
226293658
397596985
49410240
41429040
176638918
700786690718191616
1722283483
4736829527
977773045522882560
727198780123058176
29417304
971157641912229888
4896592479
837555557804339202
908472159571517440
29493077
733367400591167488
851493206126542849
297609351
787492719555964928
460016149
4833664363
1011953433153343489
4131171560
70951142
701188590169157633
3863081907
4011535085
801575952
1022708553990033408
633980404
156406768
1031687183806148614
2149008254
4057289423
1128274993
2989330959
3178460010
2256217711
490039192
731317848782573568
3873123915
962463217808179200
977288160265887745
731991413999718401
346189719
883719708943503360
46519992
583938358
1050111
2898364452
2847689778
4107581
792728089780518912
1121478547045011457
133033883
209870645
869781286222745600
720857189569572864
1058361175572922370
40517770
500772961
855138278982393856
1086824135752278016
1189349748
844242857850474496
319110601
1141244958
801118563557842944
4237745415
230888091
3448833448
890336345968623616
752919546038587392
50152441
1039793121050144768
234409558
817556812467605504
793336300308922368
740265187110883329
818603160357011457
1214746898633900032
968302200714878981
47368876
27069877
883060393
14579415
1093056866840526848
1171934210875121665
1167053511630172161
360723990
243313702
907351472219709440
2427721081
22208499
140640615
1144647472180060160
1091818713857220608
184565416
864438308633534464
822100111400566784
17741087
1161337800001761280
237786487
19416598
17983287
476704262
2382009570
1174167258404442112
2647320794
2341072818
1066975145024266240
2177266430
1192370202211696640
1175154076767707136
1173791230586736640
3989024369
300670811
382733064
869942156617822208
1137814007581007872
1135641049009917952
3739627349
36793678
3344442916
1147621861246869504
1006629457023598592
269076906
319265005
244012235
1191989431089057793
430053043
28628850
115486770
990317363915579392
326756275
88001676
123434827
64229716
931286316
77046494
57441414
64098958
2379738985
762389795037294592
19211550
120295432
199805985
142646856
836927152889135105
19878055
1087096362
239005322
1712939281
14276135
21909785
116298895
2510374854
15211869
442832665
69469543
18604137
749348659
2573305111
379427945
2432310906
234163619
259045004
825257934443651072
1226167963
2694452268
33274340
305211380
3319562777
568088930
31981508
193450289
16589206
165622096
291369954
351638843
322480495
1483299649
838457598303223808
847563392306917376
109613783
3334733512
39349894
14669951
2297076188
109640315
471479186
1025274127383494656
22989640
887918290173079553
20927432
317239925
419520517
415186582
179462624
366864224
54909576
147021874
27627968
213143196
33152005
515040297
42435931
147537458
152840128
2932727696
2596827180
78724476
4869444615
807295393780420609
16052989
3193574111
390210891
283247870
1369895352
633935849
314193298
81152888
1616333864
149913262
1877198120
3361261683
1491010302
166894950
834402949853962240
893557980242825217
19288872
2172240888
64324369
929859631119323137
997629601
852742569620512769
2822712590
807278882
482388629
271633048
238056254
158246980
2809959174
934807689238020100
943776688588185602
3407859975
2832716879
3602369895
111216929
202309561
911141923427110912
2958309345
881276407
124138798
1058346147872432136
16948493
275686563
2196895352
2809256199
30853874
150281740
3311080189
2936475981
799949976403136513
155581583
813444678922227713
331178969
826025269378969603
63354194
784738950388867072
128310019
717395869
129019194
561631124
51661036
2926270218
32939851
714130747741904896
257245904
581301629
65698096
173658828
425193622
16936686
161163311
728769248
4888344858
200923051
153210866
910407006632206336
718152880239296512
934262870845677568
2599522417
4517565515
1169667761548578818
555074502
796379886
948391038242164737
380292471
3258894105
620142261
392395867
56166281
1038848845290110976
781293541
946660021043187712
1032464600090869760
2230953552
752718633961287680
17664709
859438417
66533920
1949448444
1145702015374438401
44041065
71706534
2868150613
236526490
15859912
709625249206173697
40302336
887471447232401408
1051129297514172416
551221800
808152564
4261246641
829012632288034820
249951632
298695721
1053084375263281152
1122135622540562432
139909832
999494136809082880
1120953847940124673
892483362941657088
935058355508432896
12245632
381592902
821406730064187392
846274195499630592
1044079515583033344
751644712570847236
15044248
1193981789787824129
1016738897978712065
80571323
4771595827
249253935
943496304
4498539521
52316881
704795486343933952
1092082079381315587
1140952318805979141
30729355
1110910761507934208
996651659458744320
23085502
16629477
353198139
1207395371158081536
1107085914721918977
2229945534
706058284952850434
742620391
3222838619
13014342
783222688584200192
861681286758490113
246117761
912900342333018114
19225675
3323435830
990109797558054914
22566851
1415695681
11954772
4784269648
999459401357504512
1218707479795654656
23563628
635123740
2151868902
45927095
1154186528148590593
1171592211714203648
4076789494
1190325049963753472
383370781
243084925
261743089
17395999
82925241
1202685552539176960
915662409305600000
493397651
1211492965601824773
233972521
328866040
305731339
605127594
130801644
168278199
2367660618
63796828
15976697
429227921
18643437
39308549
33274835
430250670
106204123
715649696727973889
232675588
158060289
16997512
15522405
954124423
707231479047315456
770619360062898176
878333312288161792
454232867
11582012
875856268056969216
985749294
46286710
1375039512
52352820
65122792
608471241
19472876
645503
2301990517
15098373
350822109
20862927
3301660821
17829657
2995903175
309556475
1017280993
20148783
751910692446281728
82383649
723216888860446720
2442466385
16567574
223327949
271160889
8859482
45876240
920725535818358785
372891479
17728882
1630603508
239055790
19017604
82422512
341180845
534434172
16278340
17192732
1101738806
991330362
160352233
732310527834247168
1374283010
501807867
2841543413
1862325558
873427520074461186
90916312
2729087478
2918039334
58280294
617947431
2243445975
494758799
263288846
254742760
1108495540495372288
3196772790
14197550
793715252416352256
1576590307
3195751622
508390512
2804910894
988573326376427520
2864381561
58569513
14660188
13964152
931750129614274560
429377146
4835512521
2426654142
386449562
392944691
3761046317
967376356182020096
233539243
3535038982
3181140627
4916153843
3381983668
15438913
821913710717440000
57221061
721010430802554880
2580844052
160594322
1124780995
1944846498
3316268159
876830978
709434980691263489
636896104
3190898315
16916445
1259751343
557125271
789151567710711809
2868223169
850552358161362944
786225503854170112
14408844
756904357292077058
46623193
1104320966639927296
1095061072409739266
329746058
50836519
16528741
319250899
76966145
1050875642739351552
968978580322603009
3420421481
1043097751
939677877330677761
2739596257
809918786
1105483158647197698
585210834
750134495022546944
2984315612
44557318
173807441
2868778746
318020958
926729971858595841
2831083432
937813284694061057
17768307
194232496
776384191739072512
1015913820181749760
886832413
1095735806197710851
50606840
773708511020781568
17599264
2170614600
19966557
968431459034841088
51366273
2911404631
15082320
1689053928
2884852968
2592325530
243915511
3866393207
1096243585291354112
16862256
271175557
1096952562228609024
18083519
819676618713133056
711030662728437760
50446226
20378448
1109659591556554752
4303942637
746472880179818498
188787513
753815138528964609
2218703688
1086147570273902592
2782737901
46467636
472484182
972522114036240384
352673744
1110193840051445760
114960363
952599277
42844728
152311372
433126707
911004255884070912
28875103
321138040
1151261114384171008
87180920
1093212085448630272
369308535
963902679943712769
853743110492475392
174770559
775829751466450944
2449585067
3999234807
14287094
828112395427946496
828668619986964480
3534282977
810658200
2285311688
18276341
701150147049181184
4282171
889271162475302912
2927110385
19146492
17001646
1053198561138167808
615443591
59805816
4868363139
48132847
3747197847
743027215089078272
1561448815
752656499005009920
227576949
723545296794357761
153517842
2938361783
1168586568812179456
1020094257317597184
1167875385972985856
1064960579075493891
494401214
300444819
1112140518094446592
2388038028
4002215901
1147631324112535552
1170395028038008832
1097359015313588224
3432421805
4497701597
309309523
16017398
1193436039123210240
1174465871898644481
345402192
1152657669523759110
1163892718600409088
1175850499041452032
1170495643795808258
3601415601
17675591
56167406
918650014045556736
1176175173537533953
305268369
125264412
74944970
17834985
126188597
31135519
18261095
176758255
844081278
18266688
16989178
510471614
83638901
294306372
15567770
350278809
23865085
178763308
398271367
164070785
435571397
1606473660
700487162924404736
16523905
199152706
27306129
4510755552
16187240
434366392
599817378
279157541
3154508072
18891076
30534986
4835333710
7177512
2312893002
844434316943904768
1687460006
3107509399
961134787
829715112890159104
38949890
394420238
17995040
296540666
305874770
4306164573
2988949910
2349347329
162411004
266800454
2321127874
614185186
703412659
469960224
2835128525
736303
61008839
255608441
772599587034976256
388330222
773862404
560459880
185579226
876556669
3544710734
38300113
709374178227425280
1281090530
22202422
993551119
70732172
21981121
72525406
3263167453
24398645
289996963
368969042
3131144855
1173502448
34683246
2301447301
531879261
1323202016
17454769
11809452
74746431
39613881
14144881
107225267
16076032
4854254337
1230617456
375721095
18883115
2265360857
308701309
1613181414
3105470573
1927790688
2814756798
71941072
954427716
888718754355523584
1900293397
704531146311340033
3229918189
195880747
16017475
448363047
28133951
744537539512459265
880099708802392064
574630639
21962160
4970411
174552069
44204171
856991644134068224
33280581
205622130
948199309
941753248620449793
49279876
357312062
1687001383
946067486801301504
1308859460
2310928508
34262462
3860458512
999274189688274947
3219017217
56733855
2407518792
1051053836
19563355
20559705
29180690
1033002418835992577
3897626072
3291773083
3310972141
48699273
1350030492
732052439902326785
2935489123
4064151793
18572546
946277561969053696
340613443
508293829
587719734
2590012027
26720155
2209639802
1927923236
424439252
2255182597
923945858370080769
350555825
2440566410
1041962764191715328
2383282580
1073299798277677056
193725962
708363527216455680
29967340
2866400741
389229444
856932863404638218
61634709
94047595
2508068568
20692332
1085539758334509056
790476955237974016
2472456143
15816595
754773962114998272
16007460
736016951332372481
3474533592
173673231
266806337
16242081
558902839
295434114
722608981793980416
504391168
723740118687731713
137878848
726894220452200448
4700076764
1009315130335727616
2860612258
2313671966
327577091
407179694
3383703603
880269508409270273
732349176000864256
82004977
3724313355
3952577429
433870439
1084649480564166656
985569962
903785572803547136
727068284
3709302072
832830900077465600
1115725873926234112
2592143102
460693422
4049956815
1133163956728619008
556214449
848878446923177984
3026089079
3235901261
3395888806
1155312569361547264
822567506393071618
4100120062
1001254723150909440
17960253
20828993
816010710618554368
79905932
112902058
1103065033225969664
2724291
349199931
963557278254292998
712430408936214528
1166007755259428864
260462570
1915213218
1112748502965051392
2804824289
1131892766504624129
14156466
785635812822188032
751734035530080256
1178891866969788416
19714682
3364115985
1029950004029353985
163423981
1141519849153159168
1088842781081128960
2255450048
955631687974752257
1184254604168572929
33107988
398158438
368303610
609974202
1168753201417318400
608867817
1198225812450955264
41484889
2258117268
1207184648276709376
838789358
357013863
2802808279
7933482
1165982262502010885
141031951
2323089774
868828117
555340861
287373962
15726653
1195699837133623299
14466847
3248140409
485373829
962221152
18208354
19017675
2228878592
17427779
2417586104
4316769252
817661098988019712
126433539
730121169194655748
45033456
119099353
12804862
32949727
1398479138
200785205
47916714
266191100
369828955
233000889
739610364975808513
931257110129729536
1132189957
4041824789
3347017152
158021529
2602121875
245649240
232363184
402181258
17757642
16190478
3129675625
32503010
486983135
237784492
561968042
809614172
738292106016493568
813914393788481540
224097357
2899862569
95092020
2511701310
87229781
856923007
399464246
878247600096509952
2845913776
792005616
22203756
1087334090615926785
816037407015378944
752576794344251392
21166679
2916305152
189870199
2362746566
95860369
827107247603982336
387454082
2976750765
800055913130266624
2899361151
16146117
14845555
28453777
976853859703427078
22991773
20412343
8872892
842429336573628418
327800646
1209936918
24482449
1117331836038995968
166216772
227245275
2296757389
453426263
213055184
15375384
288498428
920867938944479232
88128097
2681735878
18002994
845237686608769024
203226736
29443733
1344951
556151596
66643970
39384517
585282783
70794555
2209620793
10926202
91372751
50390101
867858949567131649
2323179422
714934482764177408
830674884
2610099344
2888140440
813725652851507200
18150907
7445952
1295672767
2329066872
2598595441
3043650945
76518170
502921274
1244877632
481762918
61945879
39334692
63707793
54223355
2769513592
485483025
960631725230616576
1038730793500241921
16012783
327823484
816205261757173760
827891029386915840
16153562
1048174684733366273
519438862
2446512776
888446019297570816
2538227347
1090911253
819288677818003456
755804431602577408
4780173373
982537640493776897
4073155150
845811778034511872
4635596660
245675073
706623732186537984
86364947
823043857822711808
1080692287
51837775
720822770704195584
1526643050
8720562
41657437
4183570643
1928937056
895814938995957760
554548215
101809360
722612198
243666972
128650032
2448185208
3948889395
1174708184126300160
45659218
854018002559410178
970846756652179456
44898608
97109612
826998919217319937
431742890
36519114
3847092695
4425516615
893918154707152896
346944092
3026838098
1104165722996043776
1190963717841866752
862675563693125632
15976705
327337127
3429078081
1215395893333065732
800082126221676544
1220422468151717890
749661266302558208
1092409257981628417
1113242448971685888
4826563611
208361818
976992472868970496
46775436
35013035
797311126325235712
921460356
1167108950824820736
308151547
2683511317
565106322
1009200321774514176
4301692642
1045727582405185536
27226503
886978569930391553
786258664046727168
1074751678098931716
4869058761
19267390
1229758601788567555
505972088
76901771
15125585
1561479637
351654238
925804752314740736
772289261726945280
3097166903
2462029770
1217705738736427008
826666544100999168
1178885056884039680
2434538047
1209303117789093889
241909899
980907551846957056
226344061
3066800573
1184399437591957510
14825520
4866458285
951915308
1105193159720460288
21894880
857252564986941444
1152372215746199552
106511700
1214735836392112133
37713818
500177616
275730188
818982672370237440
876653212593405952
1134730030561542144
375514685
787726067645558784
723188892
709610392020889600
14172679
340087425
4850956993
1177707614765010944
1058036725103185922
1143169722340519937
138544431
24720979
2232299720
241376984
41206042
1186856598066663424
1122170927448514560
101691890
24836783
1149137160504774658
17426861
1214189850498232320
1069783283116974080
1102332614344613888
340022254
1128747365735604224
76351820
91882544
16703058
2800581040
1733467884
581999965
9321342
44054652
6782762
2791988124
14465607
32201297
36442519
99718385
125128723
40638800
772966352114094081
88315048
962650783182331904
82380985
105297334
226194552
20865466
7597712
16145029
940479842859958272
3024559964
17983365
818905354205622276
145252665
258858596
18996798
20652930
326584594
99128675
724282165178032131
234548424
1047842156029861888
3214466631
3005703287
11314672
22703645
816743459860189185
23264371
99583473
565152167
457984599
94132483
35039490
4870746007
174765038
589023691
192877468
16936870
295279278
563725546
23802600
230450929
30489333
313430424
2893149832
19219879
21175293
30829875
2606479753
2875145235
16710197
42907433
19228075
26637348
21416547
3225668363
971149270089977859
2802980269
150158919
944528546126532608
1097608039
1903784376
2352957686
978529542016028673
140542416
3187283791
366008526
24800710
109758899
600415314
867525126560112640
25365536
955396190216089601
354067093
302893547
735636452
147982719
721167931682390016
14529929
117777690
191395439
548136534
898083124034158592
19599446
50573579
2149953868
2600665502
588753363
1062839849621712898
332434715
249780773
2290351170
483420800
4147851323
71981225
326898401
539919275
990686200682950657
880583946169335808
159669793
394350155
3484078275
33856936
252398355
50680449
877807935493033984
455764741
1702689662
60086463
4694231082
2884771
2303751216
21522338
582158348
12612432
258545235
3850675096
811255185616027648
49698134
54955862
4662797732
28618036
2222713620
1058311240307552256
1012719733
517940435
1690186524
1146509923683131398
1059871261092929537
600435408
940795751214575616
183749519
62603893
15446531
339061487
563382008
587430218
72859930
4872121565
2157843048
192547775
1153042794375712770
1073747267188809728
170254080
110213431
324695462
891591792772218880
42750334
215699843
3566638694
998194792436727809
534567942
1605
31015961
463765807
4693330032
1100526849757609984
1977528128
24222556
824354561095847938
1047189712706920448
796914547449696256
129117940
749621605014331393
4285628056
861770432
876408437814558724
80617430
3404279194
8628872
4405052727
827990528151072768
1229521245361836032
742460815207366656
1202456938618982406
44385258
509099646
1432902236
1197186629292703751
1059682396600197120
384238210
502071969
929807326248349696
728331706378403840
955878400572477441
217377280
1054669807537156096
17060020
4472435427
890617262327070720
4871685341
935710762647064578
729440131208327168
961349377355694080
2920874035
1019227588861005824
376267732
3874797617
3431101333
729409729
1120526940534923264
15950086
1147349446868590592
14471411
152714150
1010226696665075712
917131114682241027
835014529591431168
3838024648
896841783711289344
803374240691081216
23441279
1208439249642676224
4104534983
1201967167832391680
24491859
1033810899729960960
1186792572712357888
4883606619
9039722
767195933540954112
20343694
1092039794941661184
547972098
2233833176
791691925363560448
21210721
1028373286974046211
104797238
69812532
992593352179814401
2796506899
1176664246085705728
413692215
587502324
175184697
957790743413907456
1133528872409083906
712746683139026944
1191881645248278528
265698091
1260777271
1192250320879071233
2743713503
1140643248219840512
3832102455
23067012
2461139754
1888761
618174833
52180037
791722036129361920
1020138244153827328
339281648
441844919
196168350
29498906
221514083
298625735
226662318
359188534
37501003
71048726
43199322
19290107
3425328454
16330790
127941629
21676980
14895030
874904274
34001374
244120148
624210678
2249531
18831946
52698323
17621710
289485255
4891229179
3294572733
3659641456
263906814
123975474
30800681
477864155
18121069
295731821
95929534
400792849
10904832
892130360888352773
1090556088
53588335
137245465
3181950698
8291622
20579845
1425500808
437980813
44196397
25083002
32304381
1327454628
535702062
209693451
20912880
229338913
468646961
15725077
898575243308015618
30962796
19462284
1596638413
1165808887
536284942
15143478
232338576
2785680441
1919392430
18658924
1031747223569227776
26904707
2445356680
765648692099461121
3208906252
21888775
499995984
813843535
11691422
290843574
1707607224
122465006
408304057
3040302317
866005696428384256
1380911874
96640675
1029600409554309120
1061708538614046720
2329977145
22571007
2926140600
8799142
4627236323
4794903823
15245623
748876201234542592
4518501137
3352556542
71627462
1494648920
310965182
4004623995
279185783
4439232376
14862190
907712735089225729
223929840
4259210063
458592002
1567151719
75927392
3004839077
1072909224299151361
872606893
28121896
2270966904
995204767
139550237
1018216846523236352
1032864900102676485
3386654009
407493293
111278246
750851849947938816
1976143068
289548939
825445747
3415037892
93069110
51172170
388909958
546135718
19241235
1453055660
264379845
437218541
445342005
816130671936581632
445714821
725405458081583104
1063957278414389248
493642079
193160214
965203529353842688
346574044
36974428
961387916600717318
832442842110898180
1930181646
349472297
2635672871
3031500425
4242228198
745326578230497280
3218677655
1009716150895341568
384700937
1469603575
2742438696
3253885297
754889796430856192
596090085
2226136147
873395719289307137
364042934
769680826137272320
142043767
284859249
2205331644
828853093
161078090
7228682
277314811
3256778199
36115290
3745781
414662988
14275562
108698830
14046504
1161313251067645952
3546108915
217929536
1087725760675282944
954238695330074624
1187755120106393600
67693241
1073640326617804801
1645794463
903021947965100033
3414232151
1082753997578989568
1222773302441148416
17797347
828401487449518080
111456333
967090812067627008
2900146091
1019226800315084800
882616715091349504
3420235840
1153663972668784640
990009265
2997569209
423178047
1082608967438733312
752749072914591744
2815347547
213610724
89465917
967243993141727232
1049475664804532225
1172248027916046337
1045659952117960705
361662654
14616610
4876198639
1025151908
990780772993982464
236600800
110520327
934179096371884032
1586501
2808957630
4638845258
3335579867
20568189
939895773633839104
424412749
1017558437801033730
207334028
1041044330092195840
1148181735705915392
1182046461153988611
2318890404
955468345473716224
2487448641
85252011
706647745914863616
1193306292556881922
26286294
938408017481134083
289462808
95053385
103415019
1050053727854444545
120875261
1157081203498991616
880813476125564928
386622131
407135737
790659465951358976
1119861073
1178791942135701504
1213384296913784832
1189289546694848512
294506617
1163273659970203648
569836274
382601428
161563071
20372603
238143302
22137027
165504163
34913895
1216679431
1247694588
28344978
1155914551709319168
1212139582109569024
306043913
701813935
458174013
32968976
1172530602458918912
17537467
381289719
47293791
431071870
3362016513
46078438
488998711
18744815
347627434
704391334128394240
36734275
116341480
104233325
63313860
479645115
267944170
728039605
17543438
255340030
91947178
455425961
15798091
216327829
23191561
426917520
21809256
148900525
730693248147030016
366352424
91068994
1852899224
810957560723505152
168884665
16113700
324124500
282747242
167562422
932310913838960641
822215679726100480
499696436
2913722920
99334624
42244985
3018742509
2421479514
47606968
77015676
961845634889236482
937075868
371379500
85016689
177812997
25115292
305199303
21439144
614493827
382121736
2904870923
52175624
929330286609002501
249270985
332643800
386816937
96910944
1433946368
730209787103698944
732402660180152320
216299334
3346772775
63485337
164833055
3609762852
61839433
1783771850
608061536
349587576
14458643
915986458774786048
819613519205302272
720185507511214081
482426043
93949976
2540793607
852901240732307457
306805426
396194646
52338305
713221570295173122
704412271837982720
136004952
18956212
1868141
1474717591
372372537
739133515170729984
23174381
1320528355
128372940
2367610315
136239433
1609146835
305245773
98992586
1675128804
26009943
988463808644513793
20536810
3239371518
247138307
798935030747791361
139698450
2907774137
185789841
940124009798209536
141854901
3900871457
849338899495346181
835852447
964270927482507264
1078460701176463361
823290879909707776
751365910070431745
38271276
874658640774414336
2576873442
3394671405
1420344450
634605257
717469326387838976
93295809
23125257
534881613
827324742
825941641
521802164
903638619889553408
739300534536921088
2822530175
2664269426
4528435696
21862217
92844900
1079928374401925120
35474809
1563464372
709957086642315264
1909242403
8496762
38497702
64068127
917158860753985537
1017558108820910080
592355320
732697138124206084
803420516438724608
755208809333882881
71522448
3167872671
21212087
251791929
932640751208591367
1044027809398571010
141834186
3714420136
833100331
3494479281
1140705543440556032
843498128292679682
86860690
731131265450004480
793042447559495680
1276646408
764974452857774080
4801601419
709839153769390088
125375423
23047519
986803746561773568
32250446
552435361
249547283
1459226126
1054033988095037440
867546414569537537
825214104965111808
1000591
3146820092
720002180531544064
896911537968992256
27823036
959836277049905152
4874541705
778952476565368832
14348157
521701167
949502250
1034983762688438274
22211969
2987723861
2382733897
821229143404802048
1055492907979829248
1112469503609327617
877169420518514690
1038065815164268544
1136770786713329667
18093097
715925917
271452947
865735862335746048
19038534
22419487
491776264
932012848959672321
3422063771
2224061724
37281592
1061802731533418503
907391259098140672
336242259
740327937912639488
2500763805
212678688
497837548
464289318
1178417085178896386
220325857
1397702498
1088947829710643202
575827106
3184221976
462546953
489375366
185360823
25433435
833094588642578432
1163190962484592640
15985960
867168299485974528
1219088793254408192
327034642
7118402
2854141947
8248862
3227802218
42411092
4574730916
927796749888081920
997599793
1186459908834611200
1107805505844641792
348723003
1011307065703370752
917407646982000640
1162799910065979392
1177669927660113920
56591394
785871994990563328
888154439135133696
1226353122089586689
86672310
876912709748609024
379411407
1189566101501501441
3091348241
825669253
1169766971468079105
536530007
281872827
6351572
78523300
611986351
11744152
65455370
1421721
47739450
50243741
21822997
2443718293
114870265
978184280
575451034
107210947
27075032
2740108585
3176409736
83748727
467661480
1610028210
2442888666
2385209545
22048382
499230066
579780672
4380273612
397416864
65517621
63926501
21119632
2157350385
59541594
10950722
2660149615
33138826
14133760
21496427
297690193
2410129064
15259359
620432637
3130731489
204334306
3958327401
1725972156
47554436
736989573201301504
827391980778819584
334921581
15739391
183928758
82918888
818910970567344128
594244296
18924384
1009588379640528897
2355254546
855933949
872348238
1543721646
775556966559035393
1187330941
46634901
18247062
222917987
3353248925
455417865
1041573343
51241574
715907510
1652541
51752886
1714201292
17644912
417767675
2710995860
878800765829120000
1081187160
3410843525
17061263
10810102
63990666
818948638890217473
350887805
863484637351489541
43661233
549369851
261993852
1055215213685821441
446322061
184562826
851426978066575360
2340667345
611205667
410998726
856850515
3386144187
2996253413
1626294277
21613794
21201150
2634713058
898150366281433089
706447335467798529
1337419807
18839785
1553444053
762297834171359236
362126121
746471521
823961143911784454
19695929
382302516
3315540486
47064235
16683666
4041169169
24233192
27938182
1193808046524436480
2926205539
1059270853974724609
3380175118
4717267957
1852849332
755171082097786880
953806231164002304
44951059
2514675292
4422180672
771750226029907969
741068948905578500
1122898574499569664
1089070437311508482
3174034754
3306629815
788363167
361289499
2995989588
864533195311730688
2718614641
14888577
3383166323
1022009676341424130
3376872507
2754300900
713467076720074753
1075400775868784640
2874959663
979081011802923009
1306199515
2200385624
1007358988697112577
19224439
1042161669844152321
442237496
1078033746706735104
2592153931
1088398088023277569
837445560676282368
1106513190811303936
4059501733
13737002
2337800665
459032398
3410248559
16244449
920694149677903872
64544199
980601170648444928
366190402
1098197906585255938
579891785
215715194
1164176887712796672
752022925570703360
1041636603548954624
2488855386
2649303001
21849878
291122496
4498602028
3075845932
1105557989170315264
4155310816
1170397424709492738
926051008278683648
1042487354026602497
706954386296057856
851985789072408576
3454237574
819785648458473473
1062583128
219007676
34240147
1220319735356776449
379888186
3193954386
787922846
331157177
4804849635
707515829798182912
362028861
26004282
19310250
1058665662137200640
16814613
944976733471739905
407013776
335638342
165519046
1214345382584635397
4068347835
21768766
13399802
54619276
95073890
302545298
385642004
708888523
873375089726816257
4046837218
4730790134
944740352224780289
1070517655919054848
1217060814781403136
102768569
1139371250231283712
85818687
495277374
591514989
1211401039007453184
701183219366932480
139423499
1006694588851994624
740935048283758592
38585886
65287423
246114807
457952401
1210974456090222592
1171854205230944258
1206763371208548355
1197544039383543808
1142111568152465408
1054047079599882240
33319870
1220135388
1199612188274626560
756923919496540160
1159131933001048065
17847051
250737208
248311383
1079385866970296320
1155242000553304065
1207879268543410182
1179937619335090176
369594967
1194080633074671616
1327529726
603321294
2954797525
73119810
1076825843383578626
475544082
2760080145
